Area	neighbour	Lon1	Lat1	Lon2	Lat2	Size.km	Perimeter.km	minDepth	maxDepth	MeanDepth	nrLayers
0	nan	-14.49125	64.0632	-1.70267	60.78727	71938.98136	2312	0	1557	430	5
0	nan	-1.70267	60.78727	4.79444	61.1638	71938.98136	2312	0	1557	430	5
0	nan	4.79444	61.1638	4.97266	61.68258	71938.98136	2312	0	1557	430	5
0	59	4.97266	61.68258	4.17572	61.72785	71938.98136	2312	0	1557	430	5
0	8	4.17572	61.72785	-1.4572	61.42871	71938.98136	2312	0	1557	430	5
0	nan	-1.4572	61.42871	-13.32497	64.45118	71938.98136	2312	0	1557	430	5
0	nan	-13.32497	64.45118	-14.49125	64.0632	71938.98136	2312	0	1557	430	5
1	10	9.20639	67.41096	7.27464	66.68477	100244.8601	1504	0	938	290	4
1	10	7.27464	66.68477	5.9306	65.82369	100244.8601	1504	0	938	290	4
1	10	5.9306	65.82369	5.93038	64.33506	100244.8601	1504	0	938	290	4
1	10	5.93038	64.33506	5.19518	63.20349	100244.8601	1504	0	938	290	4
1	10	5.19518	63.20349	3.69396	62.74411	100244.8601	1504	0	938	290	4
1	8	3.69396	62.74411	4.99397	62.20343	100244.8601	1504	0	938	290	4
1	7	4.99397	62.20343	5.3868	62.32149	100244.8601	1504	0	938	290	4
1	7	5.3868	62.32149	8.88732	63.87377	100244.8601	1504	0	938	290	4
1	7	8.88732	63.87377	10.47353	64.7303	100244.8601	1504	0	938	290	4
1	7	10.47353	64.7303	12.51957	66.28384	100244.8601	1504	0	938	290	4
1	6	12.51957	66.28384	9.20639	67.41096	100244.8601	1504	0	938	290	4
2	nan	13.00445	66.19858	14.7351	67.75347	5109.201709	429	0	300	100	2
2	3	14.7351	67.75347	14.02066	67.82131	5109.201709	429	0	300	100	2
2	6	14.02066	67.82131	12.51957	66.28384	5109.201709	429	0	300	100	2
2	7	12.51957	66.28384	13.00445	66.19858	5109.201709	429	0	300	100	2
3	4	17.6027	69.37673	17.10045	69.50071	17806.86729	696	0	400	78	2
3	6	17.10045	69.50071	16.64197	69.35642	17806.86729	696	0	400	78	2
3	6	16.64197	69.35642	15.83469	69.39186	17806.86729	696	0	400	78	2
3	6	15.83469	69.39186	13.23589	68.36598	17806.86729	696	0	400	78	2
3	6	13.23589	68.36598	12.09355	67.39849	17806.86729	696	0	400	78	2
3	6	12.09355	67.39849	14.02066	67.82131	17806.86729	696	0	400	78	2
3	2	14.02066	67.82131	14.7351	67.75347	17806.86729	696	0	400	78	2
3	nan	14.7351	67.75347	17.6027	69.37673	17806.86729	696	0	400	78	2
4	nan	21.62866	70.41632	23.00016	70.80428	6408.991116	612	0	357	67	2
4	28	23.00016	70.80428	23.03192	70.96949	6408.991116	612	0	357	67	2
4	5	23.03192	70.96949	19.94285	70.17025	6408.991116	612	0	357	67	2
4	5	19.94285	70.17025	19.12689	70.36858	6408.991116	612	0	357	67	2
4	5	19.12689	70.36858	18.19181	69.83165	6408.991116	612	0	357	67	2
4	5	18.19181	69.83165	17.10045	69.50071	6408.991116	612	0	357	67	2
4	3	17.10045	69.50071	17.6027	69.37673	6408.991116	612	0	357	67	2
4	nan	17.6027	69.37673	21.62866	70.41632	6408.991116	612	0	357	67	2
5	6	16.3081	69.71077	17.10045	69.50071	28484.97654	787	0	1185	240	3
5	4	17.10045	69.50071	18.19181	69.83165	28484.97654	787	0	1185	240	3
5	4	18.19181	69.83165	19.12689	70.36858	28484.97654	787	0	1185	240	3
5	4	19.12689	70.36858	19.94285	70.17025	28484.97654	787	0	1185	240	3
5	4	19.94285	70.17025	23.03192	70.96949	28484.97654	787	0	1185	240	3
5	27	23.03192	70.96949	19.3751	71.65547	28484.97654	787	0	1185	240	3
5	25	19.3751	71.65547	16.5801	71.17916	28484.97654	787	0	1185	240	3
5	12	16.5801	71.17916	17.20949	70.55754	28484.97654	787	0	1185	240	3
5	12	17.20949	70.55754	16.5783	69.88051	28484.97654	787	0	1185	240	3
5	12	16.5783	69.88051	16.3081	69.71077	28484.97654	787	0	1185	240	3
6	11	11.14208	68.33122	9.5117	67.5084	32477.77012	1231	0	1500	247	3
6	11	9.5117	67.5084	9.20639	67.41096	32477.77012	1231	0	1500	247	3
6	1	9.20639	67.41096	12.51957	66.28384	32477.77012	1231	0	1500	247	3
6	2	12.51957	66.28384	14.02066	67.82131	32477.77012	1231	0	1500	247	3
6	3	14.02066	67.82131	12.09355	67.39849	32477.77012	1231	0	1500	247	3
6	3	12.09355	67.39849	13.23589	68.36598	32477.77012	1231	0	1500	247	3
6	3	13.23589	68.36598	15.83469	69.39186	32477.77012	1231	0	1500	247	3
6	3	15.83469	69.39186	16.64197	69.35642	32477.77012	1231	0	1500	247	3
6	3	16.64197	69.35642	17.10045	69.50071	32477.77012	1231	0	1500	247	3
6	5	17.10045	69.50071	16.3081	69.71077	32477.77012	1231	0	1500	247	3
6	11	16.3081	69.71077	11.14208	68.33122	32477.77012	1231	0	1500	247	3
7	1	10.47353	64.7303	8.88732	63.87377	20757.25127	1257	0	400	56	2
7	1	8.88732	63.87377	5.3868	62.32149	20757.25127	1257	0	400	56	2
7	1	5.3868	62.32149	4.99397	62.20343	20757.25127	1257	0	400	56	2
7	59	4.99397	62.20343	5.28629	62.07537	20757.25127	1257	0	400	56	2
7	nan	5.28629	62.07537	9.27609	63.51263	20757.25127	1257	0	400	56	2
7	nan	9.27609	63.51263	11.79453	64.88566	20757.25127	1257	0	400	56	2
7	nan	11.79453	64.88566	13.00445	66.19858	20757.25127	1257	0	400	56	2
7	2	13.00445	66.19858	12.51957	66.28384	20757.25127	1257	0	400	56	2
7	1	12.51957	66.28384	10.47353	64.7303	20757.25127	1257	0	400	56	2
8	9	-0.15015	62.08479	-1.4572	61.42871	25369.40096	783	164	642	345	4
8	0	-1.4572	61.42871	4.17572	61.72785	25369.40096	783	164	642	345	4
8	59	4.17572	61.72785	4.99397	62.20343	25369.40096	783	164	642	345	4
8	1	4.99397	62.20343	3.69396	62.74411	25369.40096	783	164	642	345	4
8	9	3.69396	62.74411	-0.15015	62.08479	25369.40096	783	164	642	345	4
9	8	-1.4572	61.42871	-0.15015	62.08479	13552.01022	724	399	1323	794	6
9	8	-0.15015	62.08479	3.69396	62.74411	13552.01022	724	399	1323	794	6
9	10	3.69396	62.74411	2.62337	63.1342	13552.01022	724	399	1323	794	6
9	15	2.62337	63.1342	0.82024	62.79171	13552.01022	724	399	1323	794	6
9	15	0.82024	62.79171	-2.00363	61.60929	13552.01022	724	399	1323	794	6
9	nan	-2.00363	61.60929	-1.4572	61.42871	13552.01022	724	399	1323	794	6
10	15	5.51072	66.635	4.35817	65.06308	28033.70286	1392	390	1323	861	6
10	15	4.35817	65.06308	5.33487	64.17523	28033.70286	1392	390	1323	861	6
10	15	5.33487	64.17523	4.01251	63.12103	28033.70286	1392	390	1323	861	6
10	15	4.01251	63.12103	2.62337	63.1342	28033.70286	1392	390	1323	861	6
10	9	2.62337	63.1342	3.69396	62.74411	28033.70286	1392	390	1323	861	6
10	1	3.69396	62.74411	5.19518	63.20349	28033.70286	1392	390	1323	861	6
10	1	5.19518	63.20349	5.93038	64.33506	28033.70286	1392	390	1323	861	6
10	1	5.93038	64.33506	5.9306	65.82369	28033.70286	1392	390	1323	861	6
10	1	5.9306	65.82369	7.27464	66.68477	28033.70286	1392	390	1323	861	6
10	1	7.27464	66.68477	9.20639	67.41096	28033.70286	1392	390	1323	861	6
10	11	9.20639	67.41096	8.88763	67.51315	28033.70286	1392	390	1323	861	6
10	15	8.88763	67.51315	5.51072	66.635	28033.70286	1392	390	1323	861	6
11	14	10.64837	68.46704	8.88763	67.51315	8651.244012	822	358	2500	1480	7
11	10	8.88763	67.51315	9.20639	67.41096	8651.244012	822	358	2500	1480	7
11	6	9.20639	67.41096	9.5117	67.5084	8651.244012	822	358	2500	1480	7
11	6	9.5117	67.5084	11.14208	68.33122	8651.244012	822	358	2500	1480	7
11	6	11.14208	68.33122	16.3081	69.71077	8651.244012	822	358	2500	1480	7
11	12	16.3081	69.71077	16.07878	69.85185	8651.244012	822	358	2500	1480	7
11	14	16.07878	69.85185	10.64837	68.46704	8651.244012	822	358	2500	1480	7
12	5	16.5783	69.88051	17.20949	70.55754	13220.89174	1215	488	1787	937	6
12	5	17.20949	70.55754	16.5801	71.17916	13220.89174	1215	488	1787	937	6
12	25	16.5801	71.17916	15.23439	72.41141	13220.89174	1215	488	1787	937	6
12	25	15.23439	72.41141	15.67927	73.86507	13220.89174	1215	488	1787	937	6
12	23	15.67927	73.86507	16.33912	74.29856	13220.89174	1215	488	1787	937	6
12	23	16.33912	74.29856	15.8126	74.7821	13220.89174	1215	488	1787	937	6
12	19	15.8126	74.7821	15.21288	74.74	13220.89174	1215	488	1787	937	6
12	13	15.21288	74.74	15.62545	74.5187	13220.89174	1215	488	1787	937	6
12	13	15.62545	74.5187	15.42248	74.07238	13220.89174	1215	488	1787	937	6
12	13	15.42248	74.07238	13.90236	73.36387	13220.89174	1215	488	1787	937	6
12	13	13.90236	73.36387	14.23244	72.7159	13220.89174	1215	488	1787	937	6
12	13	14.23244	72.7159	15.26887	71.80149	13220.89174	1215	488	1787	937	6
12	13	15.26887	71.80149	16.2064	71.26106	13220.89174	1215	488	1787	937	6
12	13	16.2064	71.26106	16.76011	70.32648	13220.89174	1215	488	1787	937	6
12	13	16.76011	70.32648	16.07878	69.85185	13220.89174	1215	488	1787	937	6
12	11	16.07878	69.85185	16.3081	69.71077	13220.89174	1215	488	1787	937	6
12	5	16.3081	69.71077	16.5783	69.88051	13220.89174	1215	488	1787	937	6
13	17	7.85871	74.45831	8.46807	73.90214	59922.4261	1397	950	3000	1837	7
13	14	8.46807	73.90214	16.07878	69.85185	59922.4261	1397	950	3000	1837	7
13	12	16.07878	69.85185	16.76011	70.32648	59922.4261	1397	950	3000	1837	7
13	12	16.76011	70.32648	16.2064	71.26106	59922.4261	1397	950	3000	1837	7
13	12	16.2064	71.26106	15.26887	71.80149	59922.4261	1397	950	3000	1837	7
13	12	15.26887	71.80149	14.23244	72.7159	59922.4261	1397	950	3000	1837	7
13	12	14.23244	72.7159	13.90236	73.36387	59922.4261	1397	950	3000	1837	7
13	12	13.90236	73.36387	15.42248	74.07238	59922.4261	1397	950	3000	1837	7
13	12	15.42248	74.07238	15.62545	74.5187	59922.4261	1397	950	3000	1837	7
13	12	15.62545	74.5187	15.21288	74.74	59922.4261	1397	950	3000	1837	7
13	18	15.21288	74.74	7.85871	74.45831	59922.4261	1397	950	3000	1837	7
14	17	8.46807	73.90214	-8.33052	71.01553	315384.5636	2360	0	3034	2610	7
14	15	-8.33052	71.01553	8.88763	67.51315	315384.5636	2360	0	3034	2610	7
14	11	8.88763	67.51315	10.64837	68.46704	315384.5636	2360	0	3034	2610	7
14	11	10.64837	68.46704	16.07878	69.85185	315384.5636	2360	0	3034	2610	7
14	13	16.07878	69.85185	8.46807	73.90214	315384.5636	2360	0	3034	2610	7
15	9	0.82024	62.79171	2.62337	63.1342	540208.1005	3318	79	3500	2318	7
15	10	2.62337	63.1342	4.01251	63.12103	540208.1005	3318	79	3500	2318	7
15	10	4.01251	63.12103	5.33487	64.17523	540208.1005	3318	79	3500	2318	7
15	10	5.33487	64.17523	4.35817	65.06308	540208.1005	3318	79	3500	2318	7
15	10	4.35817	65.06308	5.51072	66.635	540208.1005	3318	79	3500	2318	7
15	10	5.51072	66.635	8.88763	67.51315	540208.1005	3318	79	3500	2318	7
15	14	8.88763	67.51315	-8.33052	71.01553	540208.1005	3318	79	3500	2318	7
15	16	-8.33052	71.01553	-7.61675	66.13627	540208.1005	3318	79	3500	2318	7
15	16	-7.61675	66.13627	-13.32497	64.45118	540208.1005	3318	79	3500	2318	7
15	nan	-13.32497	64.45118	-2.00363	61.60929	540208.1005	3318	79	3500	2318	7
15	9	-2.00363	61.60929	0.82024	62.79171	540208.1005	3318	79	3500	2318	7
16	15	-7.61675	66.13627	-8.33052	71.01553	294417.4133	2440	0	2000	1218	7
16	17	-8.33052	71.01553	-18.43428	71.51974	294417.4133	2440	0	2000	1218	7
16	54	-18.43428	71.51974	-19.37811	70.93171	294417.4133	2440	0	2000	1218	7
16	54	-19.37811	70.93171	-22.96679	69.08315	294417.4133	2440	0	2000	1218	7
16	53	-22.96679	69.08315	-18.65872	66.92602	294417.4133	2440	0	2000	1218	7
16	nan	-18.65872	66.92602	-15.0312	67.20393	294417.4133	2440	0	2000	1218	7
16	nan	-15.0312	67.20393	-12.43682	66.40056	294417.4133	2440	0	2000	1218	7
16	nan	-12.43682	66.40056	-12.33021	65.18214	294417.4133	2440	0	2000	1218	7
16	nan	-12.33021	65.18214	-13.32497	64.45118	294417.4133	2440	0	2000	1218	7
16	15	-13.32497	64.45118	-7.61675	66.13627	294417.4133	2440	0	2000	1218	7
17	54	-7.00579	81.14443	-3.59816	78.84191	383511.201	3197	103	3500	2709	7
17	54	-3.59816	78.84191	-3.88804	76.9323	383511.201	3197	103	3500	2709	7
17	54	-3.88804	76.9323	-11.01513	75.1977	383511.201	3197	103	3500	2709	7
17	54	-11.01513	75.1977	-15.73674	73.00492	383511.201	3197	103	3500	2709	7
17	54	-15.73674	73.00492	-18.43428	71.51974	383511.201	3197	103	3500	2709	7
17	16	-18.43428	71.51974	-8.33052	71.01553	383511.201	3197	103	3500	2709	7
17	14	-8.33052	71.01553	8.46807	73.90214	383511.201	3197	103	3500	2709	7
17	13	8.46807	73.90214	7.85871	74.45831	383511.201	3197	103	3500	2709	7
17	18	7.85871	74.45831	-4.03581	81.26248	383511.201	3197	103	3500	2709	7
17	55	-4.03581	81.26248	-7.00579	81.14443	383511.201	3197	103	3500	2709	7
18	19	13.58841	75.50496	13.54425	76.3588	118020.0725	2034	1000	5402	2304	7
18	19	13.54425	76.3588	11.02895	77.16094	118020.0725	2034	1000	5402	2304	7
18	19	11.02895	77.16094	8.91365	78.11884	118020.0725	2034	1000	5402	2304	7
18	19	8.91365	78.11884	7.97294	78.79841	118020.0725	2034	1000	5402	2304	7
18	19	7.97294	78.79841	6.20525	79.58996	118020.0725	2034	1000	5402	2304	7
18	19	6.20525	79.58996	4.94735	80.25844	118020.0725	2034	1000	5402	2304	7
18	19	4.94735	80.25844	3.10328	80.84815	118020.0725	2034	1000	5402	2304	7
18	20	3.10328	80.84815	-1.07897	82.00538	118020.0725	2034	1000	5402	2304	7
18	55	-1.07897	82.00538	-4.03581	81.26248	118020.0725	2034	1000	5402	2304	7
18	17	-4.03581	81.26248	7.85871	74.45831	118020.0725	2034	1000	5402	2304	7
18	13	7.85871	74.45831	15.21288	74.74	118020.0725	2034	1000	5402	2304	7
18	nan	15.21288	74.74	13.58841	75.50496	118020.0725	2034	1000	5402	2304	7
19	18	4.94735	80.25844	6.20525	79.58996	18520.00269	1551	200	1521	817	6
19	18	6.20525	79.58996	7.97294	78.79841	18520.00269	1551	200	1521	817	6
19	18	7.97294	78.79841	8.91365	78.11884	18520.00269	1551	200	1521	817	6
19	18	8.91365	78.11884	11.02895	77.16094	18520.00269	1551	200	1521	817	6
19	18	11.02895	77.16094	13.54425	76.3588	18520.00269	1551	200	1521	817	6
19	18	13.54425	76.3588	13.58841	75.50496	18520.00269	1551	200	1521	817	6
19	nan	13.58841	75.50496	14.90813	74.89015	18520.00269	1551	200	1521	817	6
19	nan	14.90813	74.89015	15.21288	74.74	18520.00269	1551	200	1521	817	6
19	12	15.21288	74.74	15.8126	74.7821	18520.00269	1551	200	1521	817	6
19	23	15.8126	74.7821	15.63465	74.99993	18520.00269	1551	200	1521	817	6
19	23	15.63465	74.99993	14.39117	75.56128	18520.00269	1551	200	1521	817	6
19	23	14.39117	75.56128	14.26265	75.9439	18520.00269	1551	200	1521	817	6
19	23	14.26265	75.9439	14.77161	76.43471	18520.00269	1551	200	1521	817	6
19	21	14.77161	76.43471	12.44723	76.9946	18520.00269	1551	200	1521	817	6
19	21	12.44723	76.9946	10.49006	77.75752	18520.00269	1551	200	1521	817	6
19	21	10.49006	77.75752	9.04703	78.56405	18520.00269	1551	200	1521	817	6
19	21	9.04703	78.56405	8.39819	79.37779	18520.00269	1551	200	1521	817	6
19	21	8.39819	79.37779	8.20669	80.07254	18520.00269	1551	200	1521	817	6
19	20	8.20669	80.07254	3.10328	80.84815	18520.00269	1551	200	1521	817	6
19	18	3.10328	80.84815	4.94735	80.25844	18520.00269	1551	200	1521	817	6
20	56	37.17015	82.41019	32.78763	81.92166	75654.65276	1700	199	3270	1459	7
20	56	32.78763	81.92166	29.03314	81.6772	75654.65276	1700	199	3270	1459	7
20	56	29.03314	81.6772	18.00758	81.72245	75654.65276	1700	199	3270	1459	7
20	56	18.00758	81.72245	17.222	83.03015	75654.65276	1700	199	3270	1459	7
20	55	17.222	83.03015	5.18825	82.16953	75654.65276	1700	199	3270	1459	7
20	55	5.18825	82.16953	-1.07897	82.00538	75654.65276	1700	199	3270	1459	7
20	18	-1.07897	82.00538	3.10328	80.84815	75654.65276	1700	199	3270	1459	7
20	19	3.10328	80.84815	8.20669	80.07254	75654.65276	1700	199	3270	1459	7
20	21	8.20669	80.07254	10.41377	80.32068	75654.65276	1700	199	3270	1459	7
20	49	10.41377	80.32068	16.54368	80.74775	75654.65276	1700	199	3270	1459	7
20	49	16.54368	80.74775	18.32925	81.25068	75654.65276	1700	199	3270	1459	7
20	49	18.32925	81.25068	21.83596	81.25298	75654.65276	1700	199	3270	1459	7
20	49	21.83596	81.25298	35.76947	81.67631	75654.65276	1700	199	3270	1459	7
20	49	35.76947	81.67631	38.26603	82.00918	75654.65276	1700	199	3270	1459	7
20	52	38.26603	82.00918	37.17015	82.41019	75654.65276	1700	199	3270	1459	7
21	22	13.57266	77.37395	10.17528	78.79368	20965.91996	1068	0	562	209	3
21	22	10.17528	78.79368	11.07926	79.96771	20965.91996	1068	0	562	209	3
21	49	11.07926	79.96771	10.41377	80.32068	20965.91996	1068	0	562	209	3
21	20	10.41377	80.32068	8.20669	80.07254	20965.91996	1068	0	562	209	3
21	19	8.20669	80.07254	8.39819	79.37779	20965.91996	1068	0	562	209	3
21	19	8.39819	79.37779	9.04703	78.56405	20965.91996	1068	0	562	209	3
21	19	9.04703	78.56405	10.49006	77.75752	20965.91996	1068	0	562	209	3
21	19	10.49006	77.75752	12.44723	76.9946	20965.91996	1068	0	562	209	3
21	19	12.44723	76.9946	14.77161	76.43471	20965.91996	1068	0	562	209	3
21	23	14.77161	76.43471	17.15897	76.34376	20965.91996	1068	0	562	209	3
21	22	17.15897	76.34376	13.57266	77.37395	20965.91996	1068	0	562	209	3
22	21	10.17528	78.79368	13.57266	77.37395	107537.3336	1590	0	300	26	0
22	21	13.57266	77.37395	17.15897	76.34376	107537.3336	1590	0	300	26	0
22	23	17.15897	76.34376	19.96182	78.07442	107537.3336	1590	0	300	26	0
22	23	19.96182	78.07442	22.14284	77.01906	107537.3336	1590	0	300	26	0
22	24	22.14284	77.01906	25.18907	77.52466	107537.3336	1590	0	300	26	0
22	26	25.18907	77.52466	24.33501	78.26477	107537.3336	1590	0	300	26	0
22	49	24.33501	78.26477	23.13997	78.89393	107537.3336	1590	0	300	26	0
22	49	23.13997	78.89393	25.71107	79.20737	107537.3336	1590	0	300	26	0
22	49	25.71107	79.20737	27.9228	80.28961	107537.3336	1590	0	300	26	0
22	49	27.9228	80.28961	21.04729	80.7028	107537.3336	1590	0	300	26	0
22	49	21.04729	80.7028	15.97563	80.19337	107537.3336	1590	0	300	26	0
22	49	15.97563	80.19337	11.07926	79.96771	107537.3336	1590	0	300	26	0
22	21	11.07926	79.96771	10.17528	78.79368	107537.3336	1590	0	300	26	0
23	19	14.26265	75.9439	14.39117	75.56128	44007.93308	1256	0	769	204	3
23	19	14.39117	75.56128	15.63465	74.99993	44007.93308	1256	0	769	204	3
23	19	15.63465	74.99993	15.8126	74.7821	44007.93308	1256	0	769	204	3
23	12	15.8126	74.7821	16.33912	74.29856	44007.93308	1256	0	769	204	3
23	12	16.33912	74.29856	15.67927	73.86507	44007.93308	1256	0	769	204	3
23	25	15.67927	73.86507	18.23081	73.63746	44007.93308	1256	0	769	204	3
23	26	18.23081	73.63746	18.37998	74.1434	44007.93308	1256	0	769	204	3
23	24	18.37998	74.1434	17.94687	75.2507	44007.93308	1256	0	769	204	3
23	24	17.94687	75.2507	18.38881	75.76297	44007.93308	1256	0	769	204	3
23	24	18.38881	75.76297	23.5341	76.56385	44007.93308	1256	0	769	204	3
23	24	23.5341	76.56385	22.14284	77.01906	44007.93308	1256	0	769	204	3
23	22	22.14284	77.01906	19.96182	78.07442	44007.93308	1256	0	769	204	3
23	22	19.96182	78.07442	17.15897	76.34376	44007.93308	1256	0	769	204	3
23	21	17.15897	76.34376	14.77161	76.43471	44007.93308	1256	0	769	204	3
23	19	14.77161	76.43471	14.26265	75.9439	44007.93308	1256	0	769	204	3
24	23	23.5341	76.56385	18.38881	75.76297	44435.2915	1018	0	207	72	2
24	23	18.38881	75.76297	17.94687	75.2507	44435.2915	1018	0	207	72	2
24	23	17.94687	75.2507	18.37998	74.1434	44435.2915	1018	0	207	72	2
24	26	18.37998	74.1434	19.78965	74.12899	44435.2915	1018	0	207	72	2
24	26	19.78965	74.12899	22.85169	74.90351	44435.2915	1018	0	207	72	2
24	26	22.85169	74.90351	25.52814	75.97769	44435.2915	1018	0	207	72	2
24	26	25.52814	75.97769	27.33549	76.48497	44435.2915	1018	0	207	72	2
24	26	27.33549	76.48497	25.18907	77.52466	44435.2915	1018	0	207	72	2
24	22	25.18907	77.52466	22.14284	77.01906	44435.2915	1018	0	207	72	2
24	23	22.14284	77.01906	23.5341	76.56385	44435.2915	1018	0	207	72	2
25	12	15.67927	73.86507	15.23439	72.41141	104167.1914	1461	196	1000	379	5
25	12	15.23439	72.41141	16.5801	71.17916	104167.1914	1461	196	1000	379	5
25	5	16.5801	71.17916	19.3751	71.65547	104167.1914	1461	196	1000	379	5
25	27	19.3751	71.65547	22.6471	72.2523	104167.1914	1461	196	1000	379	5
25	41	22.6471	72.2523	23.69276	72.50398	104167.1914	1461	196	1000	379	5
25	41	23.69276	72.50398	26.53628	72.84512	104167.1914	1461	196	1000	379	5
25	41	26.53628	72.84512	29.33207	73.25927	104167.1914	1461	196	1000	379	5
25	41	29.33207	73.25927	30.55955	74.08358	104167.1914	1461	196	1000	379	5
25	42	30.55955	74.08358	26.48686	75.11564	104167.1914	1461	196	1000	379	5
25	26	26.48686	75.11564	24.65537	74.49258	104167.1914	1461	196	1000	379	5
25	26	24.65537	74.49258	18.23081	73.63746	104167.1914	1461	196	1000	379	5
25	23	18.23081	73.63746	15.67927	73.86507	104167.1914	1461	196	1000	379	5
26	25	24.65537	74.49258	26.48686	75.11564	46742.28597	1447	59	300	167	3
26	42	26.48686	75.11564	28.48852	75.67763	46742.28597	1447	59	300	167	3
26	42	28.48852	75.67763	30.31021	76.72092	46742.28597	1447	59	300	167	3
26	42	30.31021	76.72092	30.4137	77.30319	46742.28597	1447	59	300	167	3
26	48	30.4137	77.30319	29.97646	77.89784	46742.28597	1447	59	300	167	3
26	48	29.97646	77.89784	25.439	78.30286	46742.28597	1447	59	300	167	3
26	49	25.439	78.30286	24.33501	78.26477	46742.28597	1447	59	300	167	3
26	22	24.33501	78.26477	25.18907	77.52466	46742.28597	1447	59	300	167	3
26	24	25.18907	77.52466	27.33549	76.48497	46742.28597	1447	59	300	167	3
26	24	27.33549	76.48497	25.52814	75.97769	46742.28597	1447	59	300	167	3
26	24	25.52814	75.97769	22.85169	74.90351	46742.28597	1447	59	300	167	3
26	24	22.85169	74.90351	19.78965	74.12899	46742.28597	1447	59	300	167	3
26	24	19.78965	74.12899	18.37998	74.1434	46742.28597	1447	59	300	167	3
26	23	18.37998	74.1434	18.23081	73.63746	46742.28597	1447	59	300	167	3
26	25	18.23081	73.63746	24.65537	74.49258	46742.28597	1447	59	300	167	3
27	28	23.03192	70.96949	24.83642	71.21284	14703.41109	498	200	400	323	4
27	30	24.83642	71.21284	24.60599	71.61253	14703.41109	498	200	400	323	4
27	30	24.60599	71.61253	22.6471	72.2523	14703.41109	498	200	400	323	4
27	25	22.6471	72.2523	19.3751	71.65547	14703.41109	498	200	400	323	4
27	5	19.3751	71.65547	23.03192	70.96949	14703.41109	498	200	400	323	4
28	29	25.05404	71.06404	24.83642	71.21284	1317.473196	188	0	275	114	2
28	27	24.83642	71.21284	23.03192	70.96949	1317.473196	188	0	275	114	2
28	4	23.03192	70.96949	23.00016	70.80428	1317.473196	188	0	275	114	2
28	nan	23.00016	70.80428	25.05404	71.06404	1317.473196	188	0	275	114	2
29	nan	25.05404	71.06404	25.8347	71.14952	6092.167732	638	0	354	222	3
29	nan	25.8347	71.14952	28.98449	70.89529	6092.167732	638	0	354	222	3
29	nan	28.98449	70.89529	32.03196	70.19271	6092.167732	638	0	354	222	3
29	31	32.03196	70.19271	32.55037	70.29126	6092.167732	638	0	354	222	3
29	30	32.55037	70.29126	31.86336	70.51443	6092.167732	638	0	354	222	3
29	30	31.86336	70.51443	29.04914	71.09397	6092.167732	638	0	354	222	3
29	30	29.04914	71.09397	25.76805	71.28758	6092.167732	638	0	354	222	3
29	30	25.76805	71.28758	24.83642	71.21284	6092.167732	638	0	354	222	3
29	28	24.83642	71.21284	25.05404	71.06404	6092.167732	638	0	354	222	3
30	29	25.76805	71.28758	29.04914	71.09397	27052.23175	951	207	400	289	4
30	29	29.04914	71.09397	31.86336	70.51443	27052.23175	951	207	400	289	4
30	29	31.86336	70.51443	32.55037	70.29126	27052.23175	951	207	400	289	4
30	33	32.55037	70.29126	32.70535	70.57512	27052.23175	951	207	400	289	4
30	33	32.70535	70.57512	33.25145	71.06853	27052.23175	951	207	400	289	4
30	41	33.25145	71.06853	32.65192	71.07762	27052.23175	951	207	400	289	4
30	41	32.65192	71.07762	29.31858	71.81059	27052.23175	951	207	400	289	4
30	41	29.31858	71.81059	26.98928	72.051	27052.23175	951	207	400	289	4
30	41	26.98928	72.051	24.90257	72.03177	27052.23175	951	207	400	289	4
30	41	24.90257	72.03177	22.6471	72.2523	27052.23175	951	207	400	289	4
30	27	22.6471	72.2523	24.60599	71.61253	27052.23175	951	207	400	289	4
30	27	24.60599	71.61253	24.83642	71.21284	27052.23175	951	207	400	289	4
30	29	24.83642	71.21284	25.76805	71.28758	27052.23175	951	207	400	289	4
31	32	35.73389	69.16404	36.43942	69.15833	3668.849672	431	103	224	165	3
31	33	36.43942	69.15833	32.55037	70.29126	3668.849672	431	103	224	165	3
31	29	32.55037	70.29126	32.03196	70.19271	3668.849672	431	103	224	165	3
31	nan	32.03196	70.19271	35.73389	69.16404	3668.849672	431	103	224	165	3
32	nan	35.73389	69.16404	39.79432	68.00339	3668.849672	449	0	180	68	2
32	58	39.79432	68.00339	40.15754	68.11772	3554.030675	449	0	180	68	2
32	34	40.15754	68.11772	36.43942	69.15833	3554.030675	449	0	180	68	2
32	31	36.43942	69.15833	35.73389	69.16404	3554.030675	449	0	180	68	2
33	34	36.43942	69.15833	39.57568	69.78279	42275.13572	780	103	260	194	3
33	38	39.57568	69.78279	39.272	70.81267	42275.13572	780	103	260	194	3
33	39	39.272	70.81267	37.34204	71.27462	42275.13572	780	103	260	194	3
33	39	37.34204	71.27462	36.46613	71.25001	42275.13572	780	103	260	194	3
33	40	36.46613	71.25001	35.02631	71.14848	42275.13572	780	103	260	194	3
33	40	35.02631	71.14848	33.25145	71.06853	42275.13572	780	103	260	194	3
33	30	33.25145	71.06853	32.70535	70.57512	42275.13572	780	103	260	194	3
33	30	32.70535	70.57512	32.55037	70.29126	42275.13572	780	103	260	194	3
33	31	32.55037	70.29126	36.43942	69.15833	42275.13572	780	103	260	194	3
34	58	40.15754	68.11772	42.08118	67.98589	41193.06773	811	30	200	107	2
34	58	42.08118	67.98589	43.24952	68.72267	41193.06773	811	30	200	107	2
34	35	43.24952	68.72267	44.20584	69.53188	41193.06773	811	30	200	107	2
34	35	44.20584	69.53188	42.97492	70.00327	41193.06773	811	30	200	107	2
34	38	42.97492	70.00327	39.57568	69.78279	41193.06773	811	30	200	107	2
34	33	39.57568	69.78279	36.43942	69.15833	41193.06773	811	30	200	107	2
34	32	36.43942	69.15833	40.15754	68.11772	41193.06773	811	30	200	107	2
35	nan	43.24952	68.72267	45.28902	68.59652	37518.04597	950	0	100	59	2
35	nan	45.28902	68.59652	48.32185	67.89744	37518.04597	950	0	100	59	2
35	37	48.32185	67.89744	49.29631	68.66069	37518.04597	950	0	100	59	2
35	36	49.29631	68.66069	47.8014	68.75583	37518.04597	950	0	100	59	2
35	36	47.8014	68.75583	47.90995	69.21603	37518.04597	950	0	100	59	2
35	36	47.90995	69.21603	48.73804	69.67372	37518.04597	950	0	100	59	2
35	37	48.73804	69.67372	48.7825	70.19287	37518.04597	950	0	100	59	2
35	38	48.7825	70.19287	42.97492	70.00327	37518.04597	950	0	100	59	2
35	34	42.97492	70.00327	44.20584	69.53188	37518.04597	950	0	100	59	2
35	34	44.20584	69.53188	43.24952	68.72267	37518.04597	950	0	100	59	2
36	35	47.90995	69.21603	47.8014	68.75583	9147.692999	365	0	50	8	0
36	35	47.8014	68.75583	49.29631	68.66069	9147.692999	365	0	50	8	0
36	37	49.29631	68.66069	50.54312	68.88446	9147.692999	365	0	50	8	0
36	37	50.54312	68.88446	50.54238	69.38801	9147.692999	365	0	50	8	0
36	37	50.54238	69.38801	48.73804	69.67372	9147.692999	365	0	50	8	0
36	35	48.73804	69.67372	47.90995	69.21603	9147.692999	365	0	50	8	0
37	36	48.73804	69.67372	50.54238	69.38801	51299.80729	1256	8	150	51	2
37	36	50.54238	69.38801	50.54312	68.88446	51299.80729	1256	8	150	51	2
37	36	50.54312	68.88446	49.29631	68.66069	51299.80729	1256	8	150	51	2
37	35	49.29631	68.66069	48.32185	67.89744	51299.80729	1256	8	150	51	2
37	nan	48.32185	67.89744	53.37051	69.087	51299.80729	1256	8	150	51	2
37	nan	53.37051	69.087	57.29928	68.9859	51299.80729	1256	8	150	51	2
37	nan	57.29928	68.9859	58.60961	69.76175	51299.80729	1256	8	150	51	2
37	nan	58.60961	69.76175	55.63939	70.44654	51299.80729	1256	8	150	51	2
37	38	55.63939	70.44654	54.83315	70.22179	51299.80729	1256	8	150	51	2
37	38	54.83315	70.22179	48.7825	70.19287	51299.80729	1256	8	150	51	2
37	35	48.7825	70.19287	48.73804	69.67372	51299.80729	1256	8	150	51	2
38	nan	51.25477	71.53663	51.31952	72.05724	117095.2681	1753	17	300	138	2
38	nan	51.31952	72.05724	52.67332	73.14769	117095.2681	1753	17	300	138	2
38	45	52.67332	73.14769	47.66371	73.47351	117095.2681	1753	17	300	138	2
38	39	47.66371	73.47351	47.72069	72.76163	117095.2681	1753	17	300	138	2
38	39	47.72069	72.76163	45.27442	72.05935	117095.2681	1753	17	300	138	2
38	39	45.27442	72.05935	39.272	70.81267	117095.2681	1753	17	300	138	2
38	33	39.272	70.81267	39.57568	69.78279	117095.2681	1753	17	300	138	2
38	34	39.57568	69.78279	42.97492	70.00327	117095.2681	1753	17	300	138	2
38	35	42.97492	70.00327	48.7825	70.19287	117095.2681	1753	17	300	138	2
38	37	48.7825	70.19287	54.83315	70.22179	117095.2681	1753	17	300	138	2
38	37	54.83315	70.22179	55.63939	70.44654	117095.2681	1753	17	300	138	2
38	nan	55.63939	70.44654	53.45847	70.67771	117095.2681	1753	17	300	138	2
38	nan	53.45847	70.67771	51.25477	71.53663	117095.2681	1753	17	300	138	2
39	40	38.90388	73.42502	37.41647	72.47604	90806.89999	1223	144	300	284	4
39	40	37.41647	72.47604	36.46613	71.25001	90806.89999	1223	144	300	284	4
39	33	36.46613	71.25001	37.34204	71.27462	90806.89999	1223	144	300	284	4
39	33	37.34204	71.27462	39.272	70.81267	90806.89999	1223	144	300	284	4
39	38	39.272	70.81267	45.27442	72.05935	90806.89999	1223	144	300	284	4
39	38	45.27442	72.05935	47.72069	72.76163	90806.89999	1223	144	300	284	4
39	38	47.72069	72.76163	47.66371	73.47351	90806.89999	1223	144	300	284	4
39	45	47.66371	73.47351	47.46665	74.40063	90806.89999	1223	144	300	284	4
39	44	47.46665	74.40063	43.30477	74.29031	90806.89999	1223	144	300	284	4
39	43	43.30477	74.29031	38.90388	73.42502	90806.89999	1223	144	300	284	4
40	41	33.80631	72.40326	33.25145	71.06853	51958.26853	1011	200	300	248	3
40	33	33.25145	71.06853	35.02631	71.14848	51958.26853	1011	200	300	248	3
40	33	35.02631	71.14848	36.46613	71.25001	51958.26853	1011	200	300	248	3
40	39	36.46613	71.25001	37.41647	72.47604	51958.26853	1011	200	300	248	3
40	39	37.41647	72.47604	38.90388	73.42502	51958.26853	1011	200	300	248	3
40	43	38.90388	73.42502	35.62144	74.54223	51958.26853	1011	200	300	248	3
40	43	35.62144	74.54223	32.03278	74.22038	51958.26853	1011	200	300	248	3
40	41	32.03278	74.22038	32.85431	73.248	51958.26853	1011	200	300	248	3
40	41	32.85431	73.248	33.80631	72.40326	51958.26853	1011	200	300	248	3
41	30	26.98928	72.051	29.31858	71.81059	56097.07198	1162	200	363	281	4
41	30	29.31858	71.81059	32.65192	71.07762	56097.07198	1162	200	363	281	4
41	30	32.65192	71.07762	33.25145	71.06853	56097.07198	1162	200	363	281	4
41	40	33.25145	71.06853	33.80631	72.40326	56097.07198	1162	200	363	281	4
41	40	33.80631	72.40326	32.85431	73.248	56097.07198	1162	200	363	281	4
41	40	32.85431	73.248	32.03278	74.22038	56097.07198	1162	200	363	281	4
41	43	32.03278	74.22038	30.55955	74.08358	56097.07198	1162	200	363	281	4
41	25	30.55955	74.08358	29.33207	73.25927	56097.07198	1162	200	363	281	4
41	25	29.33207	73.25927	26.53628	72.84512	56097.07198	1162	200	363	281	4
41	25	26.53628	72.84512	23.69276	72.50398	56097.07198	1162	200	363	281	4
41	25	23.69276	72.50398	22.6471	72.2523	56097.07198	1162	200	363	281	4
41	30	22.6471	72.2523	24.90257	72.03177	56097.07198	1162	200	363	281	4
41	30	24.90257	72.03177	26.98928	72.051	56097.07198	1162	200	363	281	4
42	47	34.10368	76.26372	33.63681	77.27908	37487.21946	902	150	349	272	4
42	48	33.63681	77.27908	30.4137	77.30319	37487.21946	902	150	349	272	4
42	26	30.4137	77.30319	30.31021	76.72092	37487.21946	902	150	349	272	4
42	26	30.31021	76.72092	28.48852	75.67763	37487.21946	902	150	349	272	4
42	26	28.48852	75.67763	26.48686	75.11564	37487.21946	902	150	349	272	4
42	25	26.48686	75.11564	30.55955	74.08358	37487.21946	902	150	349	272	4
42	43	30.55955	74.08358	34.10368	76.26372	37487.21946	902	150	349	272	4
43	47	42.33826	75.83497	34.10368	76.26372	69559.07433	1157	150	300	213	3
43	42	34.10368	76.26372	30.55955	74.08358	69559.07433	1157	150	300	213	3
43	41	30.55955	74.08358	32.03278	74.22038	69559.07433	1157	150	300	213	3
43	40	32.03278	74.22038	35.62144	74.54223	69559.07433	1157	150	300	213	3
43	40	35.62144	74.54223	38.90388	73.42502	69559.07433	1157	150	300	213	3
43	39	38.90388	73.42502	43.30477	74.29031	69559.07433	1157	150	300	213	3
43	44	43.30477	74.29031	42.33826	75.83497	69559.07433	1157	150	300	213	3
44	46	55.41763	77.42322	51.29993	79.77472	127384.8611	1684	62	400	260	4
44	50	51.29993	79.77472	48.88043	79.70108	127384.8611	1684	62	400	260	4
44	48	48.88043	79.70108	40.88689	79.34745	127384.8611	1684	62	400	260	4
44	47	40.88689	79.34745	46.02366	76.18636	127384.8611	1684	62	400	260	4
44	47	46.02366	76.18636	42.33826	75.83497	127384.8611	1684	62	400	260	4
44	43	42.33826	75.83497	43.30477	74.29031	127384.8611	1684	62	400	260	4
44	39	43.30477	74.29031	47.46665	74.40063	127384.8611	1684	62	400	260	4
44	45	47.46665	74.40063	55.41763	77.42322	127384.8611	1684	62	400	260	4
45	nan	55.17332	74.97287	58.30521	75.99474	99742.64589	1605	39	300	166	3
45	nan	58.30521	75.99474	63.82757	76.4634	99742.64589	1605	39	300	166	3
45	nan	63.82757	76.4634	67.34074	77.06471	99742.64589	1605	39	300	166	3
45	46	67.34074	77.06471	55.41763	77.42322	99742.64589	1605	39	300	166	3
45	44	55.41763	77.42322	47.46665	74.40063	99742.64589	1605	39	300	166	3
45	39	47.46665	74.40063	47.66371	73.47351	99742.64589	1605	39	300	166	3
45	38	47.66371	73.47351	52.67332	73.14769	99742.64589	1605	39	300	166	3
45	nan	52.67332	73.14769	55.17332	74.97287	99742.64589	1605	39	300	166	3
46	57	67.34074	77.06471	65.50249	80.22085	85027.95444	1233	55	438	244	3
46	50	65.50249	80.22085	62.11883	79.84501	85027.95444	1233	55	438	244	3
46	50	62.11883	79.84501	51.29993	79.77472	85027.95444	1233	55	438	244	3
46	44	51.29993	79.77472	55.41763	77.42322	85027.95444	1233	55	438	244	3
46	45	55.41763	77.42322	67.34074	77.06471	85027.95444	1233	55	438	244	3
47	42	33.63681	77.27908	34.10368	76.26372	81489.4532	1140	100	356	208	3
47	43	34.10368	76.26372	42.33826	75.83497	81489.4532	1140	100	356	208	3
47	44	42.33826	75.83497	46.02366	76.18636	81489.4532	1140	100	356	208	3
47	44	46.02366	76.18636	40.88689	79.34745	81489.4532	1140	100	356	208	3
47	48	40.88689	79.34745	33.37153	78.28077	81489.4532	1140	100	356	208	3
47	48	33.37153	78.28077	33.63681	77.27908	81489.4532	1140	100	356	208	3
48	50	48.88043	79.70108	44.50264	80.66088	60910.00338	1820	150	859	296	4
48	51	44.50264	80.66088	43.15299	82.08768	60910.00338	1820	150	859	296	4
48	52	43.15299	82.08768	38.26603	82.00918	60910.00338	1820	150	859	296	4
48	49	38.26603	82.00918	40.85996	80.93743	60910.00338	1820	150	859	296	4
48	49	40.85996	80.93743	40.56009	80.25134	60910.00338	1820	150	859	296	4
48	49	40.56009	80.25134	38.5275	79.84048	60910.00338	1820	150	859	296	4
48	49	38.5275	79.84048	31.6055	79.58595	60910.00338	1820	150	859	296	4
48	49	31.6055	79.58595	33.88832	79.16037	60910.00338	1820	150	859	296	4
48	49	33.88832	79.16037	29.48768	78.38352	60910.00338	1820	150	859	296	4
48	49	29.48768	78.38352	25.439	78.30286	60910.00338	1820	150	859	296	4
48	26	25.439	78.30286	29.97646	77.89784	60910.00338	1820	150	859	296	4
48	26	29.97646	77.89784	30.4137	77.30319	60910.00338	1820	150	859	296	4
48	42	30.4137	77.30319	33.63681	77.27908	60910.00338	1820	150	859	296	4
48	47	33.63681	77.27908	33.37153	78.28077	60910.00338	1820	150	859	296	4
48	47	33.37153	78.28077	40.88689	79.34745	60910.00338	1820	150	859	296	4
48	44	40.88689	79.34745	48.88043	79.70108	60910.00338	1820	150	859	296	4
49	48	25.439	78.30286	29.48768	78.38352	96880.83795	1922	0	1721	212	3
49	48	29.48768	78.38352	33.88832	79.16037	96880.83795	1922	0	1721	212	3
49	48	33.88832	79.16037	31.6055	79.58595	96880.83795	1922	0	1721	212	3
49	48	31.6055	79.58595	38.5275	79.84048	96880.83795	1922	0	1721	212	3
49	48	38.5275	79.84048	40.56009	80.25134	96880.83795	1922	0	1721	212	3
49	48	40.56009	80.25134	40.85996	80.93743	96880.83795	1922	0	1721	212	3
49	48	40.85996	80.93743	38.26603	82.00918	96880.83795	1922	0	1721	212	3
49	20	38.26603	82.00918	35.76947	81.67631	96880.83795	1922	0	1721	212	3
49	20	35.76947	81.67631	21.83596	81.25298	96880.83795	1922	0	1721	212	3
49	20	21.83596	81.25298	18.32925	81.25068	96880.83795	1922	0	1721	212	3
49	20	18.32925	81.25068	16.54368	80.74775	96880.83795	1922	0	1721	212	3
49	20	16.54368	80.74775	10.41377	80.32068	96880.83795	1922	0	1721	212	3
49	21	10.41377	80.32068	11.07926	79.96771	96880.83795	1922	0	1721	212	3
49	22	11.07926	79.96771	15.97563	80.19337	96880.83795	1922	0	1721	212	3
49	22	15.97563	80.19337	21.04729	80.7028	96880.83795	1922	0	1721	212	3
49	22	21.04729	80.7028	27.9228	80.28961	96880.83795	1922	0	1721	212	3
49	22	27.9228	80.28961	25.71107	79.20737	96880.83795	1922	0	1721	212	3
49	22	25.71107	79.20737	23.13997	78.89393	96880.83795	1922	0	1721	212	3
49	22	23.13997	78.89393	24.33501	78.26477	96880.83795	1922	0	1721	212	3
49	26	24.33501	78.26477	25.439	78.30286	96880.83795	1922	0	1721	212	3
50	44	48.88043	79.70108	51.29993	79.77472	72618.34184	1055	0	500	141	0
50	46	51.29993	79.77472	62.11883	79.84501	72618.34184	1055	0	500	141	0
50	46	62.11883	79.84501	65.50249	80.22085	72618.34184	1055	0	500	141	0
50	nan	65.50249	80.22085	65.47462	81.53984	72618.34184	1055	0	500	141	0
50	51	65.47462	81.53984	62.50891	82.057	72618.34184	1055	0	500	141	0
50	51	62.50891	82.057	57.36871	82.04282	72618.34184	1055	0	500	141	0
50	51	57.36871	82.04282	44.50264	80.66088	72618.34184	1055	0	500	141	0
50	48	44.50264	80.66088	48.88043	79.70108	72618.34184	1055	0	500	141	0
51	52	65.34517	82.25705	59.16306	82.81006	37343.60508	1031	50	1035	251	4
51	52	59.16306	82.81006	52.70357	82.7234	37343.60508	1031	50	1035	251	4
51	52	52.70357	82.7234	43.15299	82.08768	37343.60508	1031	50	1035	251	4
51	48	43.15299	82.08768	44.50264	80.66088	37343.60508	1031	50	1035	251	4
51	50	44.50264	80.66088	57.36871	82.04282	37343.60508	1031	50	1035	251	4
51	50	57.36871	82.04282	62.50891	82.057	37343.60508	1031	50	1035	251	4
51	50	62.50891	82.057	65.47462	81.53984	37343.60508	1031	50	1035	251	4
51	56	65.47462	81.53984	65.34517	82.25705	37343.60508	1031	50	1035	251	4
52	51	43.15299	82.08768	52.70357	82.7234	14729.08273	955	395	2661	1410	7
52	51	52.70357	82.7234	59.16306	82.81006	14729.08273	955	395	2661	1410	7
52	51	59.16306	82.81006	65.34517	82.25705	14729.08273	955	395	2661	1410	7
52	56	65.34517	82.25705	63.51691	82.76917	14729.08273	955	395	2661	1410	7
52	56	63.51691	82.76917	59.91484	83.11119	14729.08273	955	395	2661	1410	7
52	56	59.91484	83.11119	48.55713	82.84215	14729.08273	955	395	2661	1410	7
52	56	48.55713	82.84215	43.69736	82.47776	14729.08273	955	395	2661	1410	7
52	56	43.69736	82.47776	37.17015	82.41019	14729.08273	955	395	2661	1410	7
52	20	37.17015	82.41019	38.26603	82.00918	14729.08273	955	395	2661	1410	7
52	48	38.26603	82.00918	43.15299	82.08768	14729.08273	955	395	2661	1410	7
53	54	-22.96679	69.08315	-24.90987	68.94848	25668.60447	814	184	1500	702	6
53	nan	-24.90987	68.94848	-20.34849	66.55415	25668.60447	814	184	1500	702	6
53	nan	-20.34849	66.55415	-18.65872	66.92602	25668.60447	814	184	1500	702	6
53	16	-18.65872	66.92602	-22.96679	69.08315	25668.60447	814	184	1500	702	6
54	16	-19.37811	70.93171	-18.43428	71.51974	332888.0194	3252	0	2500	300	4
54	17	-18.43428	71.51974	-15.73674	73.00492	332888.0194	3252	0	2500	300	4
54	17	-15.73674	73.00492	-11.01513	75.1977	332888.0194	3252	0	2500	300	4
54	17	-11.01513	75.1977	-3.88804	76.9323	332888.0194	3252	0	2500	300	4
54	17	-3.88804	76.9323	-3.59816	78.84191	332888.0194	3252	0	2500	300	4
54	17	-3.59816	78.84191	-7.00579	81.14443	332888.0194	3252	0	2500	300	4
54	55	-7.00579	81.14443	-8.94704	81.57068	332888.0194	3252	0	2500	300	4
54	55	-8.94704	81.57068	-11.07654	81.75987	332888.0194	3252	0	2500	300	4
54	nan	-11.07654	81.75987	-24.90987	68.94848	332888.0194	3252	0	2500	300	4
54	53	-24.90987	68.94848	-22.96679	69.08315	332888.0194	3252	0	2500	300	4
54	16	-22.96679	69.08315	-19.37811	70.93171	332888.0194	3252	0	2500	300	4
55	18	-4.03581	81.26248	-1.07897	82.00538	39144.90162	1102	173	4443	3255	7
55	20	-1.07897	82.00538	5.18825	82.16953	39144.90162	1102	173	4443	3255	7
55	20	5.18825	82.16953	17.222	83.03015	39144.90162	1102	173	4443	3255	7
55	nan	17.222	83.03015	19.02884	83.66553	39144.90162	1102	173	4443	3255	7
55	nan	19.02884	83.66553	-11.07654	81.75987	39144.90162	1102	173	4443	3255	7
55	54	-11.07654	81.75987	-8.94704	81.57068	39144.90162	1102	173	4443	3255	7
55	54	-8.94704	81.57068	-7.00579	81.14443	39144.90162	1102	173	4443	3255	7
55	17	-7.00579	81.14443	-4.03581	81.26248	39144.90162	1102	173	4443	3255	7
56	20	18.00758	81.72245	29.03314	81.6772	100301.0792	1924	384	4000	3153	7
56	20	29.03314	81.6772	32.78763	81.92166	100301.0792	1924	384	4000	3153	7
56	20	32.78763	81.92166	37.17015	82.41019	100301.0792	1924	384	4000	3153	7
56	52	37.17015	82.41019	43.69736	82.47776	100301.0792	1924	384	4000	3153	7
56	52	43.69736	82.47776	48.55713	82.84215	100301.0792	1924	384	4000	3153	7
56	52	48.55713	82.84215	59.91484	83.11119	100301.0792	1924	384	4000	3153	7
56	52	59.91484	83.11119	63.51691	82.76917	100301.0792	1924	384	4000	3153	7
56	52	63.51691	82.76917	65.34517	82.25705	100301.0792	1924	384	4000	3153	7
56	51	65.34517	82.25705	65.47462	81.53984	100301.0792	1924	384	4000	3153	7
56	nan	65.47462	81.53984	69.10967	81.65419	100301.0792	1924	384	4000	3153	7
56	nan	69.10967	81.65419	68.97895	82.63859	100301.0792	1924	384	4000	3153	7
56	nan	68.97895	82.63859	61.83957	83.55158	100301.0792	1924	384	4000	3153	7
56	nan	61.83957	83.55158	17.222	83.03015	100301.0792	1924	384	4000	3153	7
56	20	17.222	83.03015	18.00758	81.72245	100301.0792	1924	384	4000	3153	7
57	nan	67.34074	77.06471	69.61405	76.68975	28027.08133	969	0	500	420	5
57	nan	69.61405	76.68975	69.78604	80.62188	28027.08133	969	0	500	420	5
57	nan	69.78604	80.62188	65.50249	80.22085	28027.08133	969	0	500	420	5
57	46	65.50249	80.22085	67.34074	77.06471	28027.08133	969	0	500	420	5
58	nan	41.2494	67.44889	41.37729	67.04519	17462.21628	643	0	50	39	1
58	nan	41.37729	67.04519	43.12829	66.73998	17462.21628	643	0	50	39	1
58	nan	43.12829	66.73998	43.85956	67.63824	17462.21628	643	0	50	39	1
58	nan	43.85956	67.63824	43.24952	68.72267	17462.21628	643	0	50	39	1
58	34	43.24952	68.72267	42.08118	67.98589	17462.21628	643	0	50	39	1
58	34	42.08118	67.98589	40.15754	68.11772	17462.21628	643	0	50	39	1
58	32	40.15754	68.11772	39.79432	68.00339	17462.21628	643	0	50	39	1
58	nan	39.79432	68.00339	41.2494	67.44889	17462.21628	643	0	50	39	1
59	0	4.17572	61.72785	4.97266	61.68258	1719.560589	181	0	200	78	2
59	nan	4.97266	61.68258	5.28629	62.07537	1719.560589	181	0	200	78	2
59	7	5.28629	62.07537	4.99397	62.20343	1719.560589	181	0	200	78	2
59	8	4.99397	62.20343	4.17572	61.72785	1719.560589	181	0	200	78	2
